num_samples: 402
image_dim: 784
mean: 0.48383599519729614
std: 0.26141223311424255
min: 0.0
max: 1.0
